17:26.06.01 19.00.00
[26년 06월 01일 19시 00분 00초] 	0	0	0	0	0	0	0	0	0	0	0	0	0	0	0	0	0	0	0	0	0	0	0	0	0	0	0	0	0	0	0
[26년 06월 01일 20시 00분 00초] 	0	0	0	0	104	0	0	0	0	0	0	0	0	0	0	0	0	0	0	0	0	0	0	0	0	0	0	0	0	0	0
[26년 06월 01일 21시 00분 00초] 	0	0	0	0	813	0	0	0	0	0	0	0	0	0	0	0	0	0	0	0	0	0	0	0	0	0	0	0	0	0	0
[26년 06월 01일 22시 00분 00초] 	0	0	0	0	3921	0	0	0	0	0	0	0	0	0	0	0	0	0	0	0	0	0	0	0	0	0	0	0	-100013	0	0
[26년 06월 01일 23시 00분 00초] 	0	0	0	0	2183	0	0	0	0	0	0	0	0	0	0	0	0	0	0	0	0	0	0	0	0	0	0	0	-13	0	0
[26년 06월 02일 01시 00분 00초] 	0	0	0	0	5100	0	0	0	0	0	0	0	0	0	0	0	0	0	0	0	0	0	0	0	0	0	0	0	0	0	0
[26년 06월 02일 02시 00분 00초] 	0	0	0	0	0	0	0	0	0	0	0	0	0	0	0	0	0	0	0	0	0	0	0	0	-10000	0	0	0	0	0	0
[26년 06월 02일 03시 00분 00초] 	0	0	0	0	0	0	0	0	0	0	0	0	0	0	0	0	0	0	0	0	0	0	0	0	-10000	0	0	0	0	0	0
[26년 06월 02일 04시 00분 00초] 	0	0	0	0	0	0	0	0	0	0	0	0	0	0	0	0	0	0	0	0	0	0	0	0	-10000	0	0	0	0	0	0
[26년 06월 02일 05시 00분 00초] 	0	0	0	0	0	0	0	0	0	0	0	0	0	0	0	0	0	0	0	0	0	0	0	0	-10000	0	0	0	0	0	0
[26년 06월 02일 06시 00분 00초] 	0	0	0	0	0	0	0	0	0	0	0	0	0	0	0	0	0	0	0	0	0	0	0	0	-10000	0	0	0	0	0	0
[26년 06월 02일 07시 00분 00초] 	25500	0	0	0	226000	0	0	0	0	0	0	0	0	0	0	0	0	0	0	0	0	0	0	0	-10000	0	0	0	-141	0	0
[26년 06월 02일 08시 00분 00초] 	25500	0	0	0	305700	0	0	0	0	0	0	0	0	0	0	0	0	0	0	0	0	0	0	0	-10000	0	0	0	-216	0	0
[26년 06월 02일 09시 00분 00초] 	0	0	0	0	0	0	0	0	0	0	0	0	0	0	0	0	0	0	0	0	0	0	0	0	0	0	0	0	0	0	0
[26년 06월 02일 10시 00분 00초] 	0	0	0	0	0	0	0	0	0	0	0	0	0	0	0	0	0	0	0	0	0	0	0	0	0	0	0	0	0	0	0
[26년 06월 02일 11시 00분 00초] 	0	0	0	0	45425	0	0	0	0	0	0	0	0	0	0	0	0	0	0	0	0	0	0	0	0	0	0	0	0	0	0
[26년 06월 02일 12시 00분 00초] 	0	0	0	0	0	0	0	0	0	0	0	0	0	0	0	0	0	0	0	0	0	0	0	0	0	0	0	0	0	0	0
[26년 06월 02일 13시 00분 00초] 	0	0	0	0	123025	0	0	0	0	0	0	0	0	0	0	0	0	0	0	0	0	0	0	0	0	0	0	0	-200000	0	0
[26년 06월 02일 14시 00분 00초] 	0	0	0	0	43700	0	0	0	0	0	0	0	0	0	0	0	0	0	0	0	0	0	0	0	0	0	0	0	0	0	0
[26년 06월 02일 15시 00분 00초] 	0	0	0	0	212200	0	0	0	0	0	0	0	0	0	0	0	0	0	0	0	0	0	0	0	-34000	0	0	0	-2086	0	0
